******************************自由网_直接定向结果分析******************************
前方交会地面点坐标XYZ：
点号			X						Y						Z
1      -2046931.72711910       4832617.59977573       3612589.51715547
2      -2056514.08354543       4837608.63818653       3600995.99590265
3      -2074245.89219893       4830111.84948238       3601038.04692630
4      -2076763.49410868       4813058.75649718       3621488.44753137
5      -2076688.94461251       4840985.18950212       3584758.83240081
6      -2083413.51951510       4822978.35908020       3604835.05590980
7      -2054449.68864126       4829206.66363010       3612896.78238206
8      -2051379.96143952       4836036.25891430       3605723.97232533
9      -2054387.71130403       4846281.86412582       3590663.41459633
10      -2044144.23049435       4825884.19199386       3622925.83814742
11      -2052834.19458648       4827362.47815423       3616126.92193361
12      -2050624.44353253       4839580.03631600       3601678.10460841
13      -2046211.22206744       4822477.58282770       3626262.43611725
14      -2052292.18142606       4839515.63531031       3600727.25320198
15      -2055719.19795865       4842400.02855544       3596161.58669683
16      -2058160.98605042       4843545.03824371       3592390.47425400
17      -2063281.03348012       4842481.24119612       3590575.47360488
18      -2061907.71063733       4818611.17571619       3622666.14539599
19      -2062322.90157780       4822790.84885300       3617038.17344782
20      -2067054.15411863       4833555.70834170       3601618.93624809
21      -2063111.67453320       4837480.84863738       3597789.27680425
22      -2060688.71383708       4844653.66411844       3589068.24460059
23      -2069761.72371869       4827549.85452542       3606742.59561276
24      -2070349.90230349       4832855.56467031       3600211.85583704
25      -2071462.02815007       4833643.96687844       3597762.26684676
26      -2078674.15492640       4839023.58517986       3586130.58761657
27      -2076013.09465343       4816692.11801584       3617208.22938679
28      -2070724.53557793       4814870.07278624       3622540.15498933
29      -2074246.58967303       4830112.81475635       3601039.85375536
30      -2069496.79832427       4837491.86338390       3593591.84054491
31      -2068589.56508446       4839686.66534312       3591154.71959252
32      -2073827.91672834       4837939.61254968       3590600.05301244
33      -2072323.73126276       4840979.46687675       3587309.76993305
34      -2083061.60431450       4817990.16803620       3611455.02914115
35      -2088925.23307693       4825563.31403313       3598373.79359370
36      -2080426.34647403       4829028.89956329       3598499.28684097
37      -2085686.24512525       4808550.07057971       3622329.10839862
38      -2082371.64263832       4827268.65988987       3599855.47819141
39      -2082035.09636889       4815393.36691057       3615445.31157329
40      -2086616.44448787       4812259.72832635       3616973.70346562
41      -2085829.75176658       4809387.82047911       3621142.75681823
42      -2087984.20959985       4835071.44695013       3585998.75599620
地面点点坐标XYZ：
点号			X						Y						Z
1      -2046866.35156282       4832625.71831716       3612616.86165930
2      -2056450.32898081       4837617.72671808       3601023.67409747
3      -2074178.62336251       4830127.56780815       3601067.01832421
4      -2076698.50077031       4813062.52500757       3621524.01478801
5      -2076621.53270473       4840999.46634741       3584796.68489820
6      -2083346.97303824       4822991.26764516       3604856.07326072
7      -2054386.45431741       4829216.68923052       3612926.68903369
8      -2051315.88712067       4836046.60395449       3605755.68575554
9      -2054320.31624101       4846291.94573380       3590693.82295309
10      -2044073.89752869       4825892.55644553       3622958.46487851
11      -2052768.26863313       4827369.20492503       3616160.14555271
12      -2050561.44291269       4839587.67520084       3601703.27211655
13      -2046144.28394838       4822484.37670833       3626301.33314020
14      -2052224.91467887       4839522.14150065       3600752.09402384
15      -2055653.01892309       4842419.19485788       3596192.58566425
16      -2058098.53009343       4843552.29177525       3592423.16621657
17      -2063218.53821251       4842486.48460134       3590604.55874086
18      -2061841.99418330       4818616.65830978       3622698.49260983
19      -2062258.42392659       4822797.87629823       3617067.29018507
20      -2066981.68526272       4833569.99629089       3601642.10250433
21      -2063051.49499897       4837494.86452887       3597814.93621797
22      -2060622.21802351       4844659.07461983       3589103.28651192
23      -2069695.22256290       4827557.30364008       3606774.39397904
24      -2070285.14025763       4832867.45510625       3600236.74667581
25      -2071393.74944136       4833652.30215505       3597785.62037879
26      -2078609.78082604       4839031.35974132       3586165.78968831
27      -2075947.19403114       4816698.35153960       3617239.87200731
28      -2070660.64908376       4814875.77026110       3622574.01132405
29      -2074177.33620632       4830126.69735922       3601069.61138787
30      -2069430.24190138       4837512.28239546       3593627.75580520
31      -2068525.04413618       4839697.93096075       3591185.57113039
32      -2073763.25223211       4837954.79761478       3590629.17044421
33      -2072256.43756628       4840988.62779354       3587344.44043498
34      -2082995.28273879       4817998.34733901       3611484.79930626
35      -2088857.99939899       4825576.48993065       3598401.32473365
36      -2080362.30523944       4829042.13905994       3598532.05724121
37      -2085627.92592070       4808547.66072006       3622359.01281069
38      -2082300.58285118       4827283.00976653       3599888.01260419
39      -2081968.41165470       4815400.23907187       3615474.04396419
40      -2086550.34130306       4812261.66675875       3617006.36545851
41      -2085770.22227422       4809390.32853896       3621172.65421850
42      -2087925.37144882       4835077.86919028       3586024.92603003
控制点+检核点坐标与前方交会结果比较：
点号			dX						dY						dZ
1            65.37555629             8.11854143            27.34450382
2            63.75456461             9.08853155            27.67819482
3            67.26883643            15.71832577            28.97139791
4            64.99333836             3.76851040            35.56725664
5            67.41190778            14.27684528            37.85249739
6            66.54647686            12.90856497            21.01735092
7            63.23432385            10.02560041            29.90665163
8            64.07431885            10.34504019            31.71343020
9            67.39506302            10.08160798            30.40835676
10            70.33296566             8.36445168            32.62673109
11            65.92595334             6.72677080            33.22361909
12            63.00061984             7.63888484            25.16750814
13            66.93811905             6.79388063            38.89702295
14            67.26674718             6.50619033            24.84082186
15            66.17903556            19.16630244            30.99896742
16            62.45595700             7.25353154            32.69196257
17            62.49526760             5.24340522            29.08513598
18            65.71645403             5.48259359            32.34721384
19            64.47765121             7.02744524            29.11673725
20            72.46885590            14.28794919            23.16625624
21            60.17953422            14.01589149            25.65941372
22            66.49581357             5.41050139            35.04191133
23            66.50115579             7.44911466            31.79836628
24            64.76204586            11.89043594            24.89083878
25            68.27870871             8.33527662            23.35353204
26            64.37410036             7.77456146            35.20207174
27            65.90062229             6.23352377            31.64262053
28            63.88649417             5.69747486            33.85633472
29            69.25346671            13.88260286            29.75763251
30            66.55642289            20.41901156            35.91526029
31            64.52094828            11.26561763            30.85153787
32            64.66449623            15.18506510            29.11743177
33            67.29369648             9.16091679            34.67050193
34            66.32157571             8.17930282            29.77016511
35            67.23367794            13.17589752            27.53113994
36            64.04123459            13.23949665            32.77040025
37            58.31920455            -2.40985964            29.90441207
38            71.05978714            14.34987665            32.53441278
39            66.68471418             6.87216130            28.73239089
40            66.10318481             1.93843240            32.66199289
41            59.52949236             2.50805986            29.89740027
42            58.83815103             6.42224015            26.17003383
物方最大误差
         72.46885590            20.41901156            38.89702295
物方中误差
         65.49628843            10.33193999            30.59875929
物方误差均值
         65.43120334             9.28139465            30.34170043
******************************直接定向结果分析end******************************


******************************光束法平差后结果分析******************************
反投影差值：
点号			左片du					左片dv					右片du					右片du
1            -0.09729971             0.35434707             0.09773614            -0.35467657
2            -0.04956131             0.13621967             0.04979069            -0.13634648
3             0.02432362             1.37985283            -0.02452614            -1.38364917
4             0.02763560            -0.59891023            -0.02787608             0.60060425
5             0.04348117             0.23923482            -0.04373463            -0.24000972
6             0.06048110            -1.11202317            -0.06076109             1.11509315
7            -0.07032262             1.43890795             0.07058648            -1.44235596
8            -0.07261793             1.70149693             0.07289098            -1.70556294
9            -0.04697365            -0.30939141             0.04718999             0.31047844
10            -0.11056946             1.18374325             0.11094937            -1.18613499
11            -0.07865100             0.35786059             0.07900506            -0.35839382
12            -0.07309865            -1.02655094             0.07345821             1.02968749
13            -0.10742487             0.30212054             0.10790113            -0.30227174
14            -0.06746838            -1.00646417             0.06780828             1.00949488
15            -0.02604323             1.73401241             0.02629225            -1.73882999
16            -0.03559668            -0.65504452             0.03576674             0.65700734
17            -0.01996974            -1.50712324             0.02016809             1.51133525
18            -0.03975505             0.56323763             0.03995771            -0.56464021
19            -0.03799544            -0.71382422             0.03817710             0.71591709
20             0.00128993            -0.20742602            -0.00129136             0.20798556
21            -0.01940581            -0.33621935             0.01950915             0.33720742
22            -0.02530725             0.03033594             0.02542390            -0.03031134
23            -0.00038812            -0.81451107             0.00041277             0.81672079
24             0.01090773             0.07354560            -0.01096266            -0.07377543
25             0.01017665            -1.59888383            -0.01009484             1.60321004
26             0.04871561            -0.50538494            -0.04883033             0.50674317
27             0.02916470             0.60029550            -0.02923238            -0.60207023
28            -0.00217607            -0.72498843             0.00209592             0.72707094
29             0.02464824             1.74600521            -0.02487569            -1.75079364
30             0.00431229             1.25674973            -0.00446123            -1.26021252
31             0.00175861             0.80094129            -0.00185614            -0.80315553
32             0.02459841            -0.09250543            -0.02470036             0.09270109
33             0.02097659            -0.48364265            -0.02099822             0.48494249
34             0.05576781            -1.04043591            -0.05613531             1.04337685
35             0.10528201             1.07682643            -0.10587382            -1.07992093
36             0.05441276             0.81808120            -0.05474002            -0.82046065
37             0.07105045            -0.91071731            -0.07166681             0.91342918
38             0.06645233             1.17864610            -0.06685122            -1.18202176
39             0.05654236            -0.24513725            -0.05684624             0.24577779
40             0.08720698             0.16119046            -0.08758178            -0.16172880
41             0.06681381            -1.29939473            -0.06750696             1.30327694
42             0.08370256            -1.93957594            -0.08354536             1.94523975
像方最大误差
          0.11056946             1.93957594             0.11094937             1.94523975
像方中误差
          0.05595571             0.97205360             0.05621927             0.97470997
----------------------------------------------------------------------------------
地面点坐标：
点号			B						L						H
1            34.72150842           112.95516377           175.99584598
2            34.59279599           113.03009944           441.60261376
3            34.59273735           113.23993179           525.75701398
4            34.81958476           113.33880149           110.93291968
5            34.41585025           113.21765179           332.49969722
6            34.63588973           113.36250180           275.26745532
7            34.72482471           113.04526520           184.88755836
8            34.64556134           112.98528314           285.07931637
9            34.47950671           112.97184629           476.11600761
10            34.83551814           112.95583179            86.18857235
11            34.76072036           113.03691946           111.59009303
12            34.60034561           112.96260923           428.59255674
13            34.87220429           112.99118612            81.27024930
14            34.59026169           112.97961837           375.72237016
15            34.53594410           113.00170849          1074.58184295
16            34.49767536           113.02130035           592.61379037
17            34.47895374           113.07711813           410.43362885
18            34.83222789           113.16564684           156.64564261
19            34.76995478           113.15184532           234.26871080
20            34.59534379           113.15310098          1129.35948895
21            34.55637386           113.09678757           653.31555917
22            34.46273325           113.04189392           368.10427528
23            34.65617114           113.20602468           374.48930984
24            34.58156037           113.18912088           868.34673794
25            34.55743034           113.19687162           435.86142470
26            34.43124745           113.24591515           267.02830645
27            34.77226280           113.31554319           164.21064408
28            34.83110247           113.27034537           115.80142059
29            34.59274481           113.23993462           527.73951553
30            34.51233383           113.16068928           348.37399654
31            34.48574344           113.14220748           337.20402229
32            34.47929922           113.20211145           398.44732240
33            34.44360903           113.17403213           352.20168474
34            34.70917049           113.38057910           160.63071600
35            34.56459944           113.40645322           360.08757143
36            34.56649033           113.30646442           276.50711817
37            34.82887243           113.44788500           102.39428363
38            34.58088742           113.33352742           349.22328906
39            34.75306865           113.38155079           140.26050553
40            34.76981346           113.44107243           144.73766704
41            34.81584214           113.44567830           102.78108345
42            34.42999891           113.35594463           236.26677386
----------------------------------------------------------------------------------
点号			dB						dL						dH
1            -0.00392978            -0.00236159            -0.92748702
2            -0.03624708            -0.12628895            -2.13038624
3             0.02485741             0.09335244            -6.48331902
4            -0.23695108            -0.04149142            -2.10808032
5            -0.31403171            -0.03172431           -10.18730278
6             0.21860880             0.04320904             0.03878862
7            -0.01928707            -0.05229332            -4.41577464
8            -0.10433524            -0.06227890            -5.39668363
9            -0.16902766            -0.04552045            -3.19399239
10            -0.12799046             0.25031812            -2.68842765
11            -0.16843093             0.01625327            -3.00490697
12             0.01201341            -0.16815729             0.06455674
13            -0.28028710             0.12426041            -6.16341737
14            -0.03263534            -0.03861056             2.50970346
15             0.00227904             0.08635469           -10.81649005
16            -0.23280007            -0.25765549            -3.88020963
17            -0.17587922            -0.30223127            -0.21637115
18            -0.12931924             0.02778141            -1.56935739
19            -0.03478881            -0.03039138            -1.22662220
20             0.11491964             0.26776109            -0.52851105
21             0.11418845            -0.20355583            -5.74344083
22            -0.36954096            -0.16371413            -2.45805802
23            -0.15965620            -0.02250016            -2.21402316
24             0.08006244            -0.05890586            -2.13126206
25             0.02604448            -0.00436342             2.60542470
26            -0.32287076            -0.23386424            -4.73469355
27            -0.11804185             0.00188980            -1.39935592
28            -0.14852783            -0.04093482            -3.05091241
29            -0.04164502             0.13649980            -4.89648447
30            -0.11350391             0.09375961           -14.21600346
31            -0.13017737            -0.13607607            -5.05997771
32            -0.01881345            -0.07692883            -6.91667760
33            -0.30439770            -0.09572632            -4.64431526
34            -0.06186129             0.00518153            -1.49128400
35             0.01602030             0.02637166            -3.48942857
36            -0.10315913            -0.08178390            -7.69388183
37            -0.13325996            -0.37919865             3.73728363
38            -0.12202672             0.19612483            -6.09271094
39            -0.04055760             0.02484907             0.14950553
40            -0.21519336            -0.06604839             1.50066704
41            -0.06393526            -0.26639737             0.44675015
42            -0.05911207            -0.46067452            -0.26855944
物方最大误差
          0.36954096             0.46067452            14.21600346
物方中误差
          0.15698233             0.15827352             4.75253488
----------------------------------------------------------------------------------


地面点坐标XYZ：
点号			dX						dY						dZ
1            -0.32574493             0.61501034             0.62782231
2            -3.39990245            -0.22875286             2.12904795
3            -0.09149761             6.24243685             3.05022573
4            -0.00201874            -2.65695875             7.19830012
5            -1.90147991             2.37759957            13.74096507
6            -0.49533659             3.92208862            -5.56488760
7            -2.51251769             2.50729279             3.00388312
8            -2.48011652             1.78517041             5.71313243
9            -0.94624095            -0.74420314             6.10195313
10             5.87467444             2.43794338             4.77307678
11             0.57239313            -0.28977351             5.97736691
12            -4.00675692            -1.52707757            -0.34139524
13             2.85905859             1.34144879            10.61037268
14             0.12359369            -2.81190603            -0.59683582
15            -1.47001525             9.09915078             6.07425716
16            -5.71187549            -3.36737124             8.11028663
17            -5.96275216            -5.68176807             4.59031667
18             1.03770970            -0.63070243             4.16753957
19            -0.86637946             0.06045258             1.58017984
20             5.31290248             4.93227219            -2.61551505
21            -7.41254238             4.15107072             0.35961058
22            -2.11628554            -5.70044526            10.78006148
23            -0.14178459            -1.12337116             5.30618499
24            -2.62259277             2.30902833            -0.82182999
25             0.56360326            -1.59761294            -2.13887171
26            -4.80754406            -3.93741419            10.88334521
27             0.41029409            -0.83056761             3.78611900
28            -0.91210942            -0.51194750             5.49963123
29             1.89344247             4.40688626             3.83642384
30            -1.62887777             9.88858934            10.93671448
31            -3.93933111             0.38195872             6.17153673
32            -3.92136987             4.16539261             4.39350208
33            -1.66609498            -2.31801473            10.36252323
34             0.06530366             0.18122657             2.41625423
35            -0.63579946             3.16114424             1.57312983
36            -3.70781474             3.33738019             6.98298415
37            -6.68608536            -8.80039988             1.23648191
38             3.44846885             4.62621579             6.55409038
39             0.91160696            -0.51588173             0.94165906
40             0.45386571            -5.26881525             4.59161954
41            -5.61797060            -4.06235251             1.36249332
42           -10.47825297            -5.40533477             1.65428412
物方最大误差
         10.47825297             9.88858934            13.74096507
物方中误差
          3.55962590             3.95177273             5.82837491
物方误差均值
         -1.49857555             0.33140686             4.16662000
******************************光束法平差后结果分析end******************************
